tweet_id,fav_count,retweet_count
666020888022790149,2564,517
666029285002620928,130,47
666033412701032449,125,44
666044226329800704,299,141
666049248165822465,109,41
666050758794694657,133,58
666051853826850816,1220,852
666055525042405380,434,252
666057090499244032,297,142
666058600524156928,111,57
666063827256086533,476,219
666071193221509120,148,62
666073100786774016,322,164
666082916733198337,119,45
666094000022159362,164,74
666099513787052032,155,68
666102155909144576,80,13
666104133288665088,14341,6623
666268910803644416,103,35
666273097616637952,175,76
666287406224695296,149,66
666293911632134144,508,357
666337882303524864,199,91
666345417576210432,297,137
666353288456101888,221,73
666362758909284353,779,574
666373753744588802,189,93
666396247373291520,168,85
666407126856765440,110,41
666411507551481857,449,328
666418789513326592,126,47
666421158376562688,318,111
666428276349472768,165,84
666430724426358785,321,199
666435652385423360,166,54
666437273139982337,126,49
666447344410484738,105,21
666454714377183233,525,212
666644823164719104,234,84
666649482315059201,895,589
666691418707132416,190,48
666701168228331520,438,222
666739327293083650,240,66
666776908487630848,356,178
666781792255496192,395,203
666786068205871104,773,495
666804364988780544,244,94
666817836334096384,528,258
666826780179869698,257,98
666835007768551424,219,80
666837028449972224,834,566
666983947667116034,2599,1009
666996132027977728,248,97
667012601033924608,456,231
667044094246576128,189,51
667062181243039745,221,56
667065535570550784,169,49
667070482143944705,85,14
667073648344346624,412,126
667090893657276420,340,130
667119796878725120,334,131
667138269671505920,4711,2291
667152164079423490,48812,17684
667160273090932737,262,65
667165590075940865,2744,1184
667171260800061440,226,93
667174963120574464,252,86
667176164155375616,623,473
667177989038297088,193,57
667182792070062081,14674,6423
667188689915760640,760,430
667192066997374976,396,109
667200525029539841,626,270
667211855547486208,501,249
667369227918143488,376,168
667393430834667520,198,58
667405339315146752,475,224
667435689202614272,310,85
667437278097252352,458,247
667443425659232256,804,602
667453023279554560,320,92
667455448082227200,194,65
667470559035432960,264,100
667491009379606528,547,235
667495797102141441,540,285
667502640335572993,544,226
667509364010450944,6948,2208
667517642048163840,378,198
667524857454854144,1744,1160
667530908589760512,487,252
667534815156183040,840,557
667538891197542400,209,69
667544320556335104,888,544
667546741521195010,341,130
667549055577362432,5950,2381
667550882905632768,0,33
667550904950915073,0,35
667724302356258817,499,332
667728196545200128,382,156
667766675769573376,457,227
667773195014021121,240,59
667782464991965184,424,253
667793409583771648,718,341
667801013445750784,338,97
667806454573760512,1085,519
667832474953625600,294,65
667861340749471744,249,81
667866724293877760,3087,1076
667873844930215936,649,425
667878741721415682,402,123
667885044254572545,845,508
667886921285246976,1950,1138
667902449697558528,870,390
667911425562669056,509,316
667915453470232577,216,58
667924896115245057,308,116
667937095915278337,1310,830
668113020489474048,685,252
668142349051129856,579,298
668154635664932864,511,329
668171859951755264,506,202
668190681446379520,670,203
668204964695683073,567,201
668221241640230912,526,209
668226093875376128,312,110
668237644992782336,6409,2981
668248472370458624,1022,509
668256321989451776,1348,649
668268907921326080,572,246
668274247790391296,852,239
668286279830867968,523,143
668291999406125056,257,34
668297328638447616,638,313
668466899341221888,916,541
668480044826800133,478,154
668484198282485761,441,248
668496999348633600,424,138
668507509523615744,335,113
668528771708952576,481,236
668537837512433665,257,78
668542336805281792,479,225
668544745690562560,538,239
668567822092664832,255,61
668587383441514497,1719,1139
668614819948453888,629,331
668620235289837568,213,45
668623201287675904,1500,819
668625577880875008,407,140
668627278264475648,330,118
668631377374486528,743,335
668633411083464705,2919,1730
668636665813057536,1082,509
668641109086707712,1115,561
668643542311546881,917,556
668645506898350081,930,569
668655139528511488,548,229
668779399630725120,728,392
668815180734689280,589,285
668826086256599040,454,146
668852170888998912,469,174
668872652652679168,548,313
668892474547511297,412,160
668902994700836864,330,106
668932921458302977,279,60
668955713004314625,290,74
668960084974809088,732,249
668967877119254528,152,25
668975677807423489,1355,615
668979806671884288,821,372
668981893510119424,560,322
668986018524233728,570,176
668988183816871936,933,498
668989615043424256,702,343
668992363537309700,772,366
668994913074286592,456,246
669000397445533696,21556,6680
669006782128353280,596,262
669015743032369152,764,389
669037058363662336,678,326
669203728096960512,1041,501
669214165781868544,458,178
669216679721873412,1227,422
669324657376567296,512,215
669327207240699904,595,120
669328503091937280,1042,437
669351434509529089,455,197
669353438988365824,667,268
669354382627049472,2794,1334
669359674819481600,381,131
669363888236994561,648,242
669367896104181761,474,166
669371483794317312,514,189
669375718304980992,1378,763
669393256313184256,376,81
669564461267722241,399,130
669567591774625800,243,60
669571471778410496,1631,1057
669573570759163904,447,152
669583744538451968,1539,985
669597912108789760,527,159
669603084620980224,976,389
669625907762618368,3657,1902
669661792646373376,834,461
669680153564442624,690,302
669682095984410625,367,138
669683899023405056,406,116
669684865554620416,537,92
669749430875258880,280,68
669753178989142016,837,424
669923323644657664,242,60
669926384437997569,388,111
669942763794931712,526,176
669970042633789440,312,64
669972011175813120,458,169
669993076832759809,335,88
670003130994700288,342,97
670037189829525505,607,296
670040295598354432,778,117
670046952931721218,667,186
670055038660800512,692,348
670061506722140161,790,363
670069087419133954,654,256
670073503555706880,1619,833
670079681849372674,2303,1320
670086499208155136,723,263
670093938074779648,1071,355
670290420111441920,732,299
670303360680108032,440,142
670319130621435904,3985,1298
670338931251150849,443,118
670361874861563904,338,70
670374371102445568,765,283
670385711116361728,580,224
670403879788544000,446,165
670408998013820928,575,235
670411370698022913,2107,950
670417414769758208,584,339
670420569653809152,652,331
670421925039075328,1354,673
670427002554466305,536,173
670428280563085312,1436,669
670433248821026816,334,120
670434127938719744,1454,680
670435821946826752,1087,552
670442337873600512,673,206
670444955656130560,6932,2077
670449342516494336,1230,704
670452855871037440,566,218
670465786746662913,1006,584
670468609693655041,363,89
670474236058800128,1582,804
670668383499735048,11102,5310
670676092097810432,260,45
670679630144274432,773,305
670691627984359425,607,254
670704688707301377,786,390
670717338665226240,1251,521
670727704916926465,859,386
670733412878163972,991,533
670755717859713024,462,120
670764103623966721,1112,445
670778058496974848,340,76
670780561024270336,803,300
670782429121134593,1624,820
670783437142401025,845,417
670786190031921152,623,211
670789397210615808,685,252
670792680469889025,864,292
670797304698376195,754,248
670803562457407488,351,92
670804601705242624,2039,1001
670807719151067136,1184,518
670811965569282048,1165,283
670815497391357952,3284,1635
670822709593571328,631,101
670823764196741120,803,199
670826280409919488,5767,4285
670832455012716544,760,230
670833812859932673,461,129
670838202509447168,1152,732
670840546554966016,616,205
670842764863651840,25398,9234
670995969505435648,1143,305
671109016219725825,1184,460
671115716440031232,1402,810
671122204919246848,3618,2662
671134062904504320,771,204
671138694582165504,962,424
671141549288370177,1209,687
671147085991960577,693,241
671151324042559489,693,160
671154572044468225,745,228
671159727754231808,388,85
671163268581498880,1715,1167
671166507850801152,901,373
671182547775299584,1160,360
671186162933985280,760,226
671347597085433856,1000,456
671355857343524864,494,118
671357843010908160,414,155
671362598324076544,1156,309
671390180817915904,1463,774
671485057807351808,787,243
671486386088865792,605,215
671488513339211776,1046,493
671497587707535361,950,471
671504605491109889,7283,3722
671511350426865664,1670,765
671518598289059840,975,305
671520732782923777,1446,557
671528761649688577,869,272
671533943490011136,1061,607
671536543010570240,1218,429
671538301157904385,955,416
671542985629241344,1130,596
671544874165002241,2063,1103
671547767500775424,1399,630
671550332464455680,945,219
671561002136281088,13286,7635
671729906628341761,8822,4598
671735591348891648,1492,790
671743150407421952,761,239
671744970634719232,1393,812
671763349865160704,1743,973
671768281401958400,1234,551
671789708968640512,7303,3669
671855973984772097,947,478
671866342182637568,1165,525
671874878652489728,1292,581
671879137494245376,1472,726
671882082306625538,3586,1450
671891728106971137,1371,591
671896809300709376,8744,4365
672068090318987265,1341,541
672082170312290304,969,385
672095186491711488,1030,385
672125275208069120,2490,1202
672139350159835138,1809,759
672160042234327040,900,380
672169685991993344,1052,390
672205392827572224,2333,1214
672222792075620352,812,222
672231046314901505,1901,1059
672239279297454080,924,335
672245253877968896,709,163
672248013293752320,1786,636
672254177670729728,1478,778
672256522047614977,2914,1641
672264251789176834,1184,359
672267570918129665,1546,642
672272411274932228,6678,3573
672466075045466113,1402,569
672475084225949696,1485,737
672481316919734272,736,128
672482722825261057,1175,638
672488522314567680,1151,459
672523490734551040,669,180
672538107540070400,1062,391
672591271085670400,752,196
672591762242805761,981,348
672594978741354496,1370,636
672604026190569472,1150,428
672609152938721280,1152,408
672614745925664768,1266,618
672622327801233409,1337,520
672640509974827008,1008,340
672828477930868736,1299,512
672834301050937345,1360,603
672877615439593473,1064,390
672884426393653248,1605,874
672898206762672129,921,443
672902681409806336,1415,532
672964561327235073,1471,678
672968025906282496,1362,577
672970152493887488,990,375
672975131468300288,1745,969
672980819271634944,1873,1049
672984142909456390,1292,571
672988786805112832,1006,305
672995267319328768,988,314
672997845381865473,2032,759
673148804208660480,1765,664
673213039743795200,2338,895
673240798075449344,1468,768
673270968295534593,1099,392
673295268553605120,7787,3352
673317986296586240,897,280
673320132811366400,14002,8399
673342308415348736,1312,627
673343217010679808,1008,281
673345638550134785,2618,1362
673350198937153538,760,223
673352124999274496,1713,571
673355879178194945,1544,622
673359818736984064,1507,708
673363615379013632,1056,328
673576835670777856,1430,592
673580926094458881,859,281
673583129559498752,1233,391
673612854080196609,1648,769
673636718965334016,1161,393
673656262056419329,741,256
673662677122719744,1297,382
673680198160809984,1422,492
673686845050527744,1499,462
673688752737402881,1311,524
673689733134946305,1806,686
673697980713705472,3948,2080
673700254269775872,1489,604
673705679337693185,1302,419
673707060090052608,1141,416
673708611235921920,1114,307
673709992831262724,881,290
673711475735838725,1076,315
673715861853720576,3685,2222
673716320723169284,3192,812
673887867907739649,969,266
673906403526995968,3312,1730
673919437611909120,1209,387
673956914389192708,2024,1026
674008982932058114,1241,373
674014384960745472,1629,689
674019345211760640,1175,319
674024893172875264,1862,1303
674036086168010753,873,232
674038233588723717,1141,434
674042553264685056,747,136
674045139690631169,1469,681
674051556661161984,1508,509
674053186244734976,3458,1387
674063288070742018,6617,2367
674075285688614912,1016,304
674082852460433408,780,180
674255168825880576,1521,597
674262580978937856,1349,488
674265582246694913,1705,897
674269164442398721,932,242
674271431610523648,1629,772
674291837063053312,15359,6296
674307341513269249,11793,7381
674318007229923329,1469,550
674330906434379776,582,77
674372068062928900,880,328
674394782723014656,1556,610
674410619106390016,1243,498
674416750885273600,708,148
674422304705744896,1486,564
674436901579923456,1159,418
674447403907457024,1104,378
674468880899788800,6477,2198
674606911342424069,981,106
674632714662858753,1558,612
674638615994089473,1740,619
674644256330530816,1072,293
674646392044941312,1494,534
674664755118911488,959,270
674670581682434048,1685,693
674690135443775488,1195,498
674737130913071104,670,99
674739953134403584,1164,420
674742531037511680,511,54
674743008475090944,1461,585
674752233200820224,1524,494
674754018082705410,1417,479
674764817387900928,823,254
674767892831932416,1916,854
674774481756377088,1179,510
674781762103414784,2096,1292
674788554665512960,844,221
674790488185167872,1148,270
674793399141146624,2619,1167
674800520222154752,3137,919
674805413498527744,896,377
674999807681908736,2351,1182
675003128568291329,1616,504
675006312288268288,1021,242
675015141583413248,2826,1278
675047298674663426,1104,351
675109292475830276,2914,1208
675111688094527488,1006,269
675113801096802304,2040,836
675135153782571009,1357,528
675145476954566656,2231,965
675146535592706048,1248,332
675147105808306176,984,258
675149409102012420,3909,1802
675153376133427200,6585,2795
675166823650848770,3786,1734
675334060156301312,2909,1383
675349384339542016,4116,2427
675354435921575936,34290,18370
675362609739206656,1097,244
675372240448454658,1789,543
675432746517426176,1592,609
675483430902214656,1930,1042
675489971617296384,1355,639
675497103322386432,3288,1392
675501075957489664,17966,6240
675517828909424640,1374,489
675522403582218240,1084,307
675531475945709568,1237,413
675534494439489536,1900,450
675706639471788032,672,103
675707330206547968,2085,743
675710890956750848,1985,895
675740360753160193,1217,372
675781562965868544,1691,511
675798442703122432,10769,3641
675820929667219457,1100,246
675822767435051008,1601,572
675845657354215424,2397,960
675849018447167488,989,164
675853064436391936,2825,1401
675870721063669760,1726,610
675878199931371520,4392,1511
675888385639251968,2500,1036
675891555769696257,2234,942
675898130735476737,1718,622
676089483918516224,1377,462
676098748976615425,3168,1553
676101918813499392,2947,1245
676121918416756736,2253,1254
676146341966438401,2013,719
676191832485810177,2391,1105
676215927814406144,1827,634
676219687039057920,78850,33528
676237365392908289,1283,318
676263575653122048,2179,588
676430933382295552,1468,373
676440007570247681,1808,724
676470639084101634,12244,5046
676496375194980353,1594,576
676533798876651520,1979,600
676575501977128964,2723,1213
676582956622721024,1267,305
676588346097852417,2462,864
676590572941893632,972,138
676593408224403456,4821,2328
676603393314578432,1232,422
676606785097199616,1982,473
676613908052996102,1148,209
676617503762681856,3056,1063
676776431406465024,5260,2171
676811746707918848,1495,457
676819651066732545,1899,717
676821958043033607,24331,16894
676864501615042560,2221,779
676897532954456065,2372,785
676916996760600576,3131,1939
676936541936185344,13417,5318
676942428000112642,2194,826
676946864479084545,1793,409
676948236477857792,2294,945
676949632774234114,1370,428
676957860086095872,2327,875
676975532580409345,2928,1159
677187300187611136,2888,994
677228873407442944,3739,1768
677269281705472000,2097,764
677301033169788928,1314,447
677314812125323265,1739,585
677328882937298944,3838,1627
677331501395156992,1146,257
677334615166730240,1431,320
677335745548390400,3228,1940
677530072887205888,1124,243
677547928504967168,7334,3940
677557565589463040,2574,1265
677565715327688705,1363,495
677573743309385728,2260,793
677644091929329666,1985,866
677662372920729601,2067,1058
677673981332312066,3533,1622
677687604918272002,2615,913
677698403548192770,1293,347
677700003327029250,3587,1561
677716515794329600,3227,1058
677895101218201600,5115,2297
677918531514703872,1428,443
677961670166224897,3608,1821
678021115718029313,14568,6912
678023323247357953,2039,422
678255464182861824,1677,405
678278586130948096,12164,6600
678334497360859136,1376,291
678341075375947776,1832,586
678380236862578688,2578,984
678389028614488064,1981,458
678396796259975168,1686,456
678399652199309312,61503,30066
678410210315247616,4498,1985
678424312106393600,5747,2774
678446151570427904,4242,1717
678643457146150913,2174,467
678675843183484930,3047,1622
678708137298427904,5904,2651
678740035362037760,3985,1860
678755239630127104,7589,3608
678764513869611008,1734,523
678767140346941444,3751,1491
678774928607469569,2956,1005
678798276842360832,3705,1295
678800283649069056,2734,982
678969228704284672,1743,503
678991772295516161,2473,1280
679001094530465792,3000,1343
679047485189439488,2393,746
679062614270468097,18167,8956
679111216690831360,6339,2792
679132435750195208,3153,1263
679148763231985668,2946,1121
679158373988876288,22880,8843
679405845277462528,2529,1316
679462823135686656,33800,20558
679475951516934144,2233,699
679503373272485890,3363,1611
679511351870550016,3591,1397
679527802031484928,2815,797
679530280114372609,5061,2261
679722016581222400,1762,514
679729593985699840,2304,900
679736210798047232,2223,874
679777920601223168,3287,1221
679828447187857408,38589,15311
679844490799091713,2522,850
679854723806179328,3053,1349
679862121895714818,2622,682
679872969355714560,2313,721
679877062409191424,2092,703
680055455951884288,17773,7789
680070545539371008,2733,960
680085611152338944,13609,9712
680100725817409536,3798,1494
680115823365742593,2888,997
680130881361686529,2443,1038
680145970311643136,3851,1899
680161097740095489,2464,799
680176173301628928,4156,1705
680191257256136705,2286,557
680206703334408192,3013,1281
680221482581123072,1552,316
680440374763077632,1544,552
680473011644985345,2700,813
680494726643068929,1826,526
680497766108381184,4509,2085
680583894916304897,3841,1464
680609293079592961,2809,781
680798457301471234,3043,1137
680801747103793152,2524,901
680805554198020098,2311,723
680836378243002368,3671,1457
680889648562991104,1878,399
680913438424612864,2548,677
680934982542561280,2210,481
680940246314430465,3433,1156
680959110691590145,4844,2167
680970795137544192,2587,723
681193455364796417,3954,1627
681231109724700672,2547,528
681242418453299201,1594,593
681261549936340994,1552,299
681281657291280384,3428,1205
681297372102656000,3398,1048
681302363064414209,4214,2003
681320187870711809,2831,832
681339448655802368,9903,4434
681340665377193984,1750,303
681523177663676416,15271,6374
681579835668455424,3791,1435
681610798867845120,2038,517
681654059175129088,2815,1015
681679526984871937,1872,488
681694085539872773,13626,4427
681891461017812993,2632,906
681981167097122816,2957,1127
682003177596559360,3364,1667
682032003584274432,7023,2207
682047327939461121,3425,1056
682059653698686977,5292,1855
682088079302213632,19565,10861
682242692827447297,3471,1295
682259524040966145,4450,1337
682303737705140231,3287,1090
682389078323662849,1781,509
682393905736888321,2381,747
682406705142087680,8085,1932
682429480204398592,3653,1269
682638830361513985,2194,656
682662431982772225,3250,1172
682697186228989953,1402,393
682750546109968385,1624,478
682788441537560576,2633,1223
682808988178739200,1888,201
682962037429899265,39529,18298
683030066213818368,2302,803
683078886620553216,2118,615
683098815881154561,2313,717
683111407806746624,3627,993
683142553609318400,3066,1142
683357973142474752,3142,1031
683391852557561860,8122,2609
683449695444799489,4156,1756
683462770029932544,2598,731
683481228088049664,2808,1086
683498322573824003,3374,1051
683515932363329536,7863,3180
683742671509258241,6953,3645
683773439333797890,3571,1482
683828599284170753,2982,1156
683834909291606017,2796,1209
683849932751646720,2799,1070
683852578183077888,2054,383
683857920510050305,4053,1222
684097758874210310,4383,1572
684122891630342144,2125,519
684147889187209216,3175,1636
684177701129875456,2152,736
684188786104872960,3713,1287
684195085588783105,2044,567
684200372118904832,2320,1127
684222868335505415,4105,1517
684225744407494656,1322,230
684241637099323392,8708,3605
684460069371654144,2109,608
684481074559381504,4127,1278
684538444857667585,2826,1053
684567543613382656,3214,1349
684588130326986752,4393,1542
684594889858887680,9538,3867
684800227459624960,2895,1087
684830982659280897,37480,23610
684880619965411328,2241,902
684902183876321280,2001,583
684914660081053696,3739,1599
684926975086034944,3746,518
684940049151070208,3438,1148
684959798585110529,7277,3444
684969860808454144,2523,422
685169283572338688,4374,1561
685198997565345792,2482,733
685268753634967552,3317,1327
685307451701334016,2208,481
685315239903100929,3567,1181
685321586178670592,2826,708
685325112850124800,10139,4376
685532292383666176,3252,1262
685547936038666240,35195,17149
685641971164143616,3128,849
685663452032069632,3465,1601
685667379192414208,2496,631
685681090388975616,2166,138
685906723014619143,8036,3183
685943807276412928,1745,669
685973236358713344,2256,584
686003207160610816,1944,699
686007916130873345,2634,458
686034024800862208,3328,1278
686035780142297088,1233,133
686050296934563840,2355,806
686286779679375361,4270,1821
686358356425093120,2346,750
686377065986265092,2365,617
686386521809772549,3473,968
686394059078897668,1873,749
686606069955735556,2011,590
686618349602762752,3926,1486
686683045143953408,2995,879
686730991906516992,4435,1309
686749460672679938,3697,1598
686760001961103360,3753,1501
686947101016735744,9190,3470
687096057537363968,2395,667
687102708889812993,2491,1083
687109925361856513,6193,2700
687124485711986689,2314,555
687127927494963200,5829,2504
687312378585812992,4648,2082
687317306314240000,21477,10019
687399393394311168,2027,685
687460506001633280,2176,591
687476254459715584,2107,590
687480748861947905,1705,272
687494652870668288,2046,627
687664829264453632,2072,563
687704180304273409,2604,920
687732144991551489,1881,719
687807801670897665,2547,764
687818504314159109,2667,1041
687826841265172480,2911,1243
687841446767013888,5840,2770
688064179421470721,1831,392
688116655151435777,3006,856
688179443353796608,2260,644
688211956440801280,2369,914
688385280030670848,9934,4861
688519176466644993,2459,797
688547210804498433,2781,767
688789766343622656,2363,727
688804835492233216,1021,215
688828561667567616,1471,404
688894073864884227,2378,765
688898160958271489,2243,859
688908934925697024,2262,843
688916208532455424,2912,952
689143371370250240,2164,563
689154315265683456,3264,1099
689255633275777024,2733,1173
689275259254616065,1236,268
689280876073582592,2130,785
689283819090870273,3511,1207
689289219123089408,2403,1012
689517482558820352,3621,1564
689557536375177216,2192,505
689599056876867584,12417,6034
689623661272240129,2390,711
689659372465688576,11090,4253
689661964914655233,3410,1011
689835978131935233,2311,822
689877686181715968,3220,1298
689905486972461056,2588,758
689977555533848577,1455,487
689993469801164801,1570,502
689999384604450816,1525,411
690005060500217858,3903,1847
690015576308211712,2678,807
690021994562220032,2983,1129
690248561355657216,1801,450
690348396616552449,1604,558
690360449368465409,2837,971
690374419777196032,3473,942
690400367696297985,1991,493
690597161306841088,2097,656
690607260360429569,309,18
690649993829576704,1396,306
690690673629138944,2485,863
690728923253055490,2313,569
690735892932222976,4030,1397
690932576555528194,3501,1112
690938899477221376,4412,2178
690959652130045952,3813,1373
690989312272396288,6310,3139
691090071332753408,1821,368
691096613310316544,3162,977
691321916024623104,2753,718
691416866452082688,20650,8342
691444869282295808,2826,928
691459709405118465,4332,1251
691483041324204033,2528,621
691675652215414786,2072,554
691756958957883396,3083,1116
691793053716221953,8667,4586
691820333922455552,4205,1799
692017291282812928,3058,1045
692041934689402880,3629,1389
692142790915014657,1752,428
692158366030913536,2297,868
692187005137076224,2692,892
692417313023332352,9981,3794
692423280028966913,1576,253
692530551048294401,1971,457
692535307825213440,3402,1478
692568918515392513,4637,1672
692752401762250755,7294,3961
692828166163931137,3070,960
692894228850999298,2423,878
692901601640583168,1906,661
692905862751522816,2602,956
692919143163629568,2849,810
693095443459342336,2000,504
693109034023534592,1833,670
693155686491000832,8432,3498
693231807727280129,3056,800
693262851218264065,2383,548
693267061318012928,2545,894
693280720173801472,3589,1357
693486665285931008,1888,684
693582294167244802,1755,278
693590843962331137,5404,2144
693622659251335168,1645,403
693629975228977152,2616,873
693642232151285760,2713,454
693644216740769793,1432,142
693647888581312512,2876,646
693942351086120961,1846,404
693993230313091072,1998,439
694001791655137281,3613,1128
694183373896572928,3140,1012
694206574471057408,4471,2223
694329668942569472,2140,544
694342028726001664,1680,531
694352839993344000,2170,675
694356675654983680,1609,315
694669722378485760,38088,15751
694905863685980160,2950,1020
694925794720792577,2882,1000
695051054296211456,2840,858
695064344191721472,1717,655
695074328191332352,3034,1204
695095422348574720,2810,671
695314793360662529,3892,1604
695409464418041856,9188,3888
695446424020918272,4652,1972
695629776980148225,4878,2295
695767669421768709,1996,812
695794761660297217,3399,849
695816827381944320,3199,1278
696100768806522880,2070,723
696405997980676096,3428,1240
696488710901260288,2711,1128
696490539101908992,1303,162
696518437233913856,4161,1847
696713835009417216,2534,709
696744641916489729,2218,1029
696754882863349760,1575,388
696877980375769088,2611,777
696886256886657024,5163,1952
696894894812565505,2506,735
696900204696625153,3409,1118
697242256848379904,2688,730
697255105972801536,3223,1264
697259378236399616,3503,1086
697270446429966336,4977,2027
697463031882764288,3643,1503
697482927769255936,2587,739
697516214579523584,2212,1233
697575480820686848,2179,550
697596423848730625,3234,1375
697616773278015490,3361,1098
697630435728322560,1862,587
697881462549430272,3222,1293
697943111201378304,2564,752
697990423684476929,3505,1407
697995514407682048,1626,362
698178924120031232,2990,801
698195409219559425,17895,6511
698262614669991936,5066,2188
698342080612007937,2421,1035
698355670425473025,1995,490
698549713696649216,2473,672
698635131305795584,1370,373
698703483621523456,1549,413
698710712454139905,2640,751
698907974262222848,2709,678
698953797952008193,2891,981
698989035503689728,3615,1072
699036661657767936,2781,1301
699060279947165696,4032,1976
699072405256409088,3195,1292
699079609774645248,2606,713
699088579889332224,2382,684
699323444782047232,3369,943
699370870310113280,2005,478
699413908797464576,2199,673
699423671849451520,1463,361
699434518667751424,2316,556
699446877801091073,6331,2847
699691744225525762,10938,5000
699775878809702401,2093,665
699779630832685056,2955,1348
699788877217865730,2393,540
699801817392291840,3249,1048
700002074055016451,3528,1463
700029284593901568,2203,634
700062718104104960,2817,756
700143752053182464,8044,3005
700151421916807169,2391,718
700167517596164096,2825,813
700462010979500032,4419,1962
700505138482569216,2428,623
700518061187723268,2809,873
700747788515020802,24388,10232
700796979434098688,2589,1043
700847567345688576,2595,542
700864154249383937,2765,667
700890391244103680,2368,626
701214700881756160,13039,5577
701545186879471618,2823,663
701570477911896070,3000,1021
701601587219795968,2226,500
701805642395348998,3657,1844
701889187134500865,3803,1501
701952816642965504,4055,1110
701981390485725185,3670,1077
702217446468493312,5124,1462
702276748847800320,2643,832
702321140488925184,3498,1128
702332542343577600,3412,1693
702539513671897089,3057,1049
702598099714314240,11024,3575
702671118226825216,2333,611
702684942141153280,3428,1174
702899151802126337,1724,490
702932127499816960,2763,788
703041949650034688,28184,13677
703079050210877440,7868,3371
703268521220972544,2101,608
703356393781329922,2032,421
703382836347330562,3739,1245
703407252292673536,2626,760
703425003149250560,4052,1507
703611486317502464,4112,1655
703631701117943808,2769,750
703769065844768768,3506,1238
703774238772166656,1966,509
704054845121142784,3115,999
704113298707505153,1978,613
704134088924532736,1613,508
704347321748819968,1687,385
704364645503647744,8570,3869
704480331685040129,3625,1153
704491224099647488,817,92
704499785726889984,3131,1087
704761120771465216,7075,3161
704819833553219584,2821,1096
704847917308362754,5447,1673
704859558691414016,2400,595
704871453724954624,4542,1211
705066031337840642,2313,658
705102439679201280,2291,560
705223444686888960,2747,879
705239209544720384,3194,818
705428427625635840,4069,1844
705442520700944385,4745,1796
705475953783398401,3157,1003
705591895322394625,3376,1256
705786532653883392,2078,578
705898680587526145,2525,615
705970349788291072,3345,971
705975130514706432,3305,804
706153300320784384,1593,420
706166467411222528,5482,1755
706169069255446529,4168,2420
706265994973601792,2900,997
706291001778950144,1808,511
706310011488698368,22842,8704
706346369204748288,3665,1001
706516534877929472,3299,1122
706538006853918722,3681,1537
706593038911545345,2295,684
706644897839910912,2746,1189
706681918348251136,3532,1054
706901761596989440,2203,655
706904523814649856,15514,8526
707014260413456384,2451,647
707021089608753152,4326,1493
707038192327901184,2339,872
707059547140169728,2740,737
707297311098011648,2935,869
707315916783140866,2625,699
707377100785885184,3501,1171
707387676719185920,3728,1418
707411934438625280,2422,650
707420581654872064,2425,757
707610948723478529,18043,6985
707629649552134146,2751,954
707693576495472641,3647,1086
707738799544082433,4359,2690
707741517457260545,2647,661
707776935007539200,3489,1028
707969809498152960,2870,1053
707983188426153984,51,2
707995814724026368,3307,1220
708026248782585858,4643,2090
708109389455101952,2056,588
708119489313951744,2858,1062
708130923141795840,3604,912
708149363256774660,4538,1676
708349470027751425,2505,802
708356463048204288,3842,1463
708400866336894977,17017,10989
708469915515297792,3271,890
708479650088034305,2705,739
708711088997666817,2716,793
708738143638450176,2910,885
708810915978854401,17554,7570
708834316713893888,1810,547
708845821941387268,3156,976
708853462201716736,1908,711
709042156699303936,5065,1789
709158332880297985,2179,453
709179584944730112,2143,733
709198395643068416,2563,695
709207347839836162,13406,6348
709225125749587968,2542,625
709409458133323776,2790,756
709449600415961088,2365,645
709519240576036864,1579,261
709556954897764353,3486,1156
709566166965075968,3756,1314
709852847387627521,3724,1296
709901256215666688,713,108
709918798883774466,3165,1162
710117014656950272,5842,2162
710140971284037632,2944,974
710153181850935296,3090,970
710269109699739648,2553,1223
710272297844797440,4807,1373
710283270106132480,2257,560
710296729921429505,2515,800
710588934686908417,4848,2041
710609963652087808,5096,2550
710658690886586372,2456,614
710833117892898816,2860,585
710844581445812225,2704,746
710997087345876993,4834,1508
711008018775851008,3186,678
711306686208872448,3517,794
711363825979756544,3885,1229
711652651650457602,4113,996
711694788429553666,34893,19829
711732680602345472,9466,4487
711743778164514816,3015,1072
711968124745228288,8547,2509
711998809858043904,0,136
712065007010385924,2406,678
712085617388212225,3435,527
712092745624633345,3121,978
712097430750289920,4031,1124
712309440758808576,260,24
712438159032893441,5653,1697
712668654853337088,4423,1317
712717840512598017,13135,5430
712809025985978368,19748,7300
713175907180089344,4737,1571
713177543487135744,7642,3083
713411074226274305,4686,1400
713761197720473600,5181,1491
713900603437621249,2999,808
713909862279876608,2030,594
713919462244790272,3476,845
714141408463036416,4558,1521
714214115368108032,2406,952
714251586676113411,3473,915
714258258790387713,3190,778
714485234495041536,2885,1262
714606013974974464,3841,1011
714631576617938945,3472,1084
714957620017307648,4395,1540
714962719905021952,7816,4642
714982300363173890,3988,1123
715009755312439296,4427,1340
715200624753819648,5444,2044
715220193576927233,2564,710
715342466308784130,3212,742
715360349751484417,5811,1706
715680795826982913,4593,1760
715696743237730304,4146,1402
715704790270025728,2970,609
715733265223708672,4957,1841
715758151270801409,3961,1543
715928423106027520,3388,951
716080869887381504,5183,1886
716285507865542656,2951,1182
716439118184652801,2506,238
716447146686459905,13913,6385
716730379797970944,1303,460
716791146589110272,5866,1505
716802964044845056,4527,1272
717009362452090881,3473,1060
717047459982213120,6642,2063
717421804990701568,3349,919
717428917016076293,1701,495
717537687239008257,6117,1999
717790033953034240,3070,1221
717841801130979328,2598,647
718234618122661888,4109,1085
718246886998687744,2047,543
718454725339934721,5177,1634
718460005985447936,2875,577
718540630683709445,2645,1097
718613305783398402,2597,524
718631497683582976,20090,8781
718939241951195136,5559,1909
718971898235854848,3706,1194
719332531645071360,3624,1037
719339463458033665,4683,1354
719367763014393856,2962,800
719551379208073216,5360,2103
719704490224398336,4850,1576
719991154352222208,5129,1906
720043174954147842,5200,2177
720059472081784833,4132,1230
720340705894408192,3050,1055
720389942216527872,6804,2743
720415127506415616,4376,1616
720775346191278080,2629,741
720785406564900865,3310,841
721001180231503872,2678,664
721503162398597120,4952,2039
722613351520608256,5251,1779
722974582966214656,4367,1708
723179728551723008,5627,2042
723673163800948736,3217,968
723688335806480385,8189,3234
723912936180330496,4121,1328
724004602748780546,4446,1726
724046343203856385,2826,605
724049859469295616,4600,1921
724405726123311104,5636,1790
724771698126512129,2511,693
724983749226668032,3935,1422
725458796924002305,1494,675
725729321944506368,5508,1936
725786712245440512,4421,1477
725842289046749185,7483,2876
726224900189511680,4692,1262
726828223124897792,3769,1094
726887082820554753,4072,1635
726935089318363137,7317,2660
727155742655025152,3864,1439
727175381690781696,4108,1488
727286334147182592,3229,889
727314416056803329,3527,811
727524757080539137,4751,1328
727644517743104000,6269,1904
727685679342333952,3120,691
728015554473250816,4354,1192
728035342121635841,4821,1818
728046963732717569,4578,1275
728387165835677696,3903,1039
728409960103686147,5233,2188
728653952833728512,3526,1136
728751179681943552,2962,739
728760639972315136,4962,1843
728986383096946689,3370,889
729113531270991872,2003,359
729463711119904772,6169,2499
729823566028484608,4239,1344
729838605770891264,1809,418
729854734790754305,4278,1219
730196704625098752,5192,2095
730211855403241472,4066,1147
730427201120833536,3685,1131
730573383004487680,5235,2346
730924654643314689,6510,2161
731156023742988288,4079,1386
731285275100512256,3708,1073
732005617171337216,15864,5942
732375214819057664,8587,2739
732585889486888962,3922,840
732726085725589504,3755,961
732732193018155009,2596,583
733109485275860992,45245,17256
733460102733135873,4470,1397
733482008106668032,3343,1035
733822306246479872,3909,1099
733828123016450049,3824,848
734559631394082816,1592,431
734776360183431168,2666,587
734787690684657664,13364,6858
734912297295085568,2913,560
735137028879360001,3330,1052
735256018284875776,3573,964
735274964362878976,13850,5532
735635087207878657,6594,2578
735648611367784448,4279,1191
735991953473572864,3832,1255
736010884653420544,8425,3243
736225175608430592,8668,3012
736365877722001409,4257,1362
736392552031657984,18921,8114
736736130620620800,4605,1896
737310737551491075,15647,8074
737322739594330112,3845,880
737445876994609152,10996,4862
737678689543020544,5376,1459
737800304142471168,10639,3772
737826014890496000,5614,1930
738156290900254721,2697,719
738166403467907072,9361,3725
738184450748633089,4601,1323
738402415918125056,3488,929
738537504001953792,5425,1707
738883359779196928,3560,886
738885046782832640,4013,1240
738891149612572673,114,6
739238157791694849,73039,50621
739485634323156992,7683,3210
739544079319588864,42404,23420
739606147276148736,5736,1808
739623569819336705,4064,1491
739844404073074688,4033,929
739932936087216128,4322,1179
739979191639244800,21270,6468
740214038584557568,7139,2145
740359016048689152,3520,931
740365076218183684,2645,477
740373189193256964,37047,14544
740676976021798912,19351,7441
740699697422163968,3019,850
740711788199743490,3634,1018
740995100998766593,6827,3020
741067306818797568,10063,3376
741099773336379392,10707,6042
741303864243200000,9361,3529
741438259667034112,3915,913
741743634094141440,8722,3018
741793263812808706,4859,1650
742150209887731712,5491,1702
742161199639494656,4630,1505
742385895052087300,7251,2169
742423170473463808,10511,4155
742465774154047488,7737,4237
742528092657332225,4735,2174
742534281772302336,7520,3877
743210557239623680,4093,1494
743222593470234624,6612,2088
743253157753532416,4512,1324
743510151680958465,8440,4038
743545585370791937,3761,1025
743595368194129920,19711,7184
743609206067040256,4788,1505
743835915802583040,0,2291
743895849529389061,3898,1045
743980027717509120,4431,1192
744223424764059648,1814,409
744234799360020481,127753,76987
744334592493166593,7218,2346
744709971296780288,5975,1701
744971049620602880,8406,2949
744995568523612160,3185,691
745057283344719872,7730,2502
745074613265149952,8363,3856
745314880350101504,7655,3037
745422732645535745,9168,2671
745433870967832576,7584,2783
745712589599014916,7465,2543
745789745784041472,4323,1166
746056683365994496,3790,900
746131877086527488,7374,2408
746369468511756288,6607,1811
746507379341139972,4959,1182
746521445350707200,0,1076
746542875601690625,5386,2049
746726898085036033,6465,1962
746757706116112384,10224,4265
746790600704425984,5204,1743
746818907684614144,5665,1885
746872823977771008,6408,2358
746906459439529985,3090,328
747103485104099331,10259,4390
747204161125646336,3621,1005
747219827526344708,5652,1732
747242308580548608,0,3161
747439450712596480,5822,2113
747461612269887489,4140,1134
747512671126323200,5957,1739
747594051852075008,3944,1155
747600769478692864,2485,600
747648653817413632,13808,6408
747651430853525504,1478,172
747816857231626240,5197,1278
747844099428986880,3009,819
747885874273214464,3164,1091
747933425676525569,7103,2796
747963614829678593,6215,2366
748220828303695873,15134,8555
748307329658011649,3935,788
748324050481647620,3978,842
748337862848962560,8256,4530
748346686624440324,5594,1358
748568946752774144,2333,736
748575535303884801,6502,2189
748692773788876800,4542,1463
748699167502000129,5085,1760
748705597323898880,2964,1036
748932637671223296,6271,2477
748977405889503236,11525,3753
749036806121881602,3322,860
749064354620928000,5141,1665
749075273010798592,6188,2277
749317047558017024,5889,2438
749395845976588288,9234,3807
749403093750648834,2815,601
749417653287129088,6548,1834
749774190421639168,4988,1438
749981277374128128,5493,2697
749996283729883136,3244,888
750011400160841729,3478,1003
750026558547456000,2911,870
750041628174217216,3413,680
750056684286914561,3360,978
750071704093859840,8428,3676
750086836815486976,2330,599
750101899009982464,3264,926
750117059602808832,4628,1429
750132105863102464,3896,1395
750147208377409536,3321,1066
750381685133418496,740,35
750383411068534784,4867,1251
750429297815552001,14165,4757
750506206503038976,4788,1266
750719632563142656,14205,5568
750868782890057730,5151,1530
751132876104687617,5463,1436
751205363882532864,6777,2019
751251247299190784,13442,6473
751456908746354688,3440,1094
751538714308972544,5414,1398
751583847268179968,4742,1228
751598357617971201,8499,3335
751793661361422336,6307,3219
751830394383790080,6235,2158
751937170840121344,5607,1480
751950017322246144,3311,1025
752173152931807232,6400,2038
752309394570878976,0,18370
752334515931054080,4104,1217
752519690950500352,7934,3787
752568224206688256,5967,2519
752660715232722944,4745,1735
752682090207055872,6457,1775
752701944171524096,0,3180
752917284578922496,7391,1731
752932432744185856,13585,7521
753026973505581056,4188,1074
753039830821511168,39917,23097
753294487569522689,3667,1151
753298634498793472,0,6374
753375668877008896,8192,2574
753398408988139520,6226,2112
753420520834629632,8515,3931
753655901052166144,6297,2405
754120377874386944,8429,2575
754449512966619136,4032,814
754482103782404096,5705,2144
754747087846248448,2772,574
754856583969079297,7390,2775
754874841593970688,0,8843
755110668769038337,22841,12220
755206590534418437,17711,5937
755955933503782912,7897,3185
756275833623502848,6933,1695
756288534030475264,45877,19296
756303284449767430,4254,1196
756526248105566208,11210,3994
756651752796094464,5462,1461
756939218950160384,7151,2217
756998049151549440,6743,2197
757354760399941633,4866,1571
757393109802180609,6287,1927
757400162377592832,16328,7543
757596066325864448,4683,1171
757597904299253760,0,322
757611664640446465,4895,1232
757725642876129280,4877,1345
757729163776290825,0,8956
757741869644341248,7415,3588
758041019896193024,2925,414
758099635764359168,20708,11130
758355060040593408,3689,1196
758405701903519748,5597,2120
758467244762497024,5168,2459
758474966123810816,4109,1094
758740312047005698,6159,1763
758828659922702336,12033,4230
758854675097526272,3821,988
759047813560868866,7023,2226
759099523532779520,15659,4636
759159934323924993,0,1298
759197388317847553,6527,2147
759446261539934208,1800,540
759447681597108224,9166,2720
759557299618865152,5073,1296
759566828574212096,0,23420
759793422261743616,6426,2110
759846353224826880,7241,2195
759923798737051648,15836,6284
759943073749200896,6402,2311
760153949710192640,0,36
760190180481531904,6146,2004
760252756032651264,4242,954
760290219849637889,28866,12697
760521673607086080,4557,1544
760539183865880579,8175,4008
760641137271070720,5342,1431
760656994973933572,7126,2125
760893934457552897,4115,1073
761004547850530816,12157,3829
761227390836215808,5742,1713
761292947749015552,4822,1219
761334018830917632,5625,1606
761371037149827077,0,19829
761599872357261312,4452,1301
761672994376806400,53404,32176
761745352076779520,4593,949
761750502866649088,0,4376
761976711479193600,5832,2233
762035686371364864,34503,17296
762316489655476224,5210,1249
762464539388485633,11169,4670
762471784394268675,12181,7221
762699858130116608,13153,4018
763103485927849985,7935,2517
763167063695355904,0,3352
763183847194451968,5837,1642
763837565564780549,13631,4632
763956972077010945,795,59
764259802650378240,6532,1689
764857477905154048,6922,1958
765222098633691136,12538,3748
765371061932261376,7635,2383
765395769549590528,28446,3759
765669560888528897,5600,1353
765719909049503744,7807,2390
766008592277377025,4030,549
766069199026450432,4618,968
766078092750233600,0,2876
766313316352462849,7319,2090
766423258543644672,6502,1762
766693177336135680,4354,875
766714921925144576,2803,427
766793450729734144,5484,1510
766864461642756096,0,6284
767122157629476866,10912,3166
767191397493538821,13263,4241
767500508068192258,8080,2588
767754930266464257,17312,5987
767884188863397888,5127,1561
768193404517830656,11790,3930
768473857036525572,14702,3809
768554158521745409,0,6468
768596291618299904,5421,1414
768609597686943744,4447,1342
768855141948723200,4541,992
768909767477751808,0,3005
768970937022709760,15589,7265
769212283578875904,5832,1906
769335591808995329,0,8526
769695466921623552,6908,1851
769940425801170949,34003,10724
770069151037685760,8184,2559
770093767776997377,0,3376
770293558247038976,6744,1656
770414278348247044,6789,2288
770655142660169732,7921,1935
770743923962707968,0,50621
770772759874076672,5611,1569
770787852854652928,5364,1362
771004394259247104,0,245
771014301343748096,7439,1836
771102124360998913,6726,1596
771136648247640064,9944,3248
771171053431250945,0,8399
771380798096281600,11395,5679
771500966810099713,8936,2907
771770456517009408,12993,3780
771908950375665664,7105,2109
772102971039580160,4332,1027
772114945936949249,2930,524
772117678702071809,4047,814
772152991789019136,4079,1250
772193107915964416,6496,1543
772581559778025472,7001,1884
772615324260794368,0,3748
772826264096874500,8639,2587
772877495989305348,9296,4321
773191612633579521,10800,4574
773247561583001600,10168,3569
773308824254029826,25143,8312
773336787167145985,0,5679
773547596996571136,23877,6864
773670353721753600,5761,1443
773704687002451968,7138,1826
773922284943896577,6921,1925
773985732834758656,11639,4332
774314403806253056,23565,6225
774639387460112384,7271,1943
774757898236878852,9235,1967
775085132600442880,16837,5269
775350846108426240,11003,4372
775364825476165632,8056,3330
775729183532220416,14007,5107
775733305207554048,15005,4468
775842724423557120,12698,2995
775898661951791106,0,17256
776088319444877312,1988,169
776113305656188928,12730,4858
776201521193218049,10399,2810
776218204058357768,32519,17806
776249906839351296,0,10232
776477788987613185,9614,3132
776813020089548800,5287,1347
776819012571455488,0,15311
777189768882946048,15518,4824
777621514455814149,9508,2786
777641927919427584,0,4757
777684233540206592,12175,3287
777885040357281792,6895,1833
777953400541634568,0,3930
778027034220126208,7118,1813
778039087836069888,9190,2952
778286810187399168,11253,3697
778383385161035776,6340,1226
778396591732486144,0,13677
778408200802557953,14787,4860
778624900596654080,5041,1130
778650543019483137,6267,1671
778748913645780993,7488,1492
778764940568104960,929,409
778774459159379968,0,11130
778990705243029504,21753,8146
779056095788752897,16064,5058
779123168116150273,12815,4072
779124354206535695,0,20558
779377524342161408,9582,3481
779834332596887552,20654,7919
780074436359819264,13311,5585
780092040432480260,0,2574
780192070812196864,9452,2507
780459368902959104,5729,1188
780476555013349377,0,131
780496263422808064,0,4155
780543529827336192,6835,1942
780601303617732608,13134,3723
780800785462489090,5990,1453
780858289093574656,7805,2232
780931614150983680,23502,8225
781163403222056960,10612,3047
781251288990355457,9166,2350
781308096455073793,7751,2851
781524693396357120,22549,6196
781655249211752448,4347,1252
781661882474196992,11355,3030
781955203444699136,12055,3764
782021823840026624,0,6985
782305867769217024,18113,6231
782598640137187329,8460,2103
782722598790725632,18756,6033
782747134529531904,8109,1560
782969140009107456,26240,8240
783085703974514689,8841,2481
783334639985389568,31782,13136
783347506784731136,0,6296
783391753726550016,18369,6174
783466772167098368,9198,2527
783695101801398276,11350,3603
783821107061198850,8007,2204
783839966405230592,32714,12120
784057939640352768,32540,12506
784183165795655680,21884,9046
784431430411685888,6187,1437
784517518371221505,9764,2846
784826020293709826,11033,3609
785170936622350336,13163,5454
785264754247995392,7900,1840
785515384317313025,6641,1418
785533386513321988,9920,2254
785639753186217984,8508,2481
785872687017132033,7273,2047
785927819176054784,12369,3537
786036967502913536,0,7919
786051337297522688,1561,173
786233965241827333,16686,5361
786286427768250368,8687,3213
786363235746385920,11878,3934
786595970293370880,10237,3476
786664955043049472,11615,2881
786709082849828864,19812,6822
786729988674449408,0,2720
786963064373534720,28934,8977
787111942498508800,0,7521
787322443945877504,8493,1957
787397959788929025,11808,3182
787717603741622272,11122,3116
787810552592695296,9450,3428
788039637453406209,6693,1488
788070120937619456,0,3829
788150585577050112,6698,1459
788178268662984705,7876,2380
788412144018661376,16984,5949
788552643979468800,0,8114
788765914992902144,29893,11563
788908386943430656,29833,13929
789137962068021249,10581,3131
789268448748703744,9932,2904
789280767834746880,0,5568
789314372632018944,9379,2586
789530877013393408,12824,3796
789599242079838210,7383,2175
789628658055020548,8204,1995
789903600034189313,11344,4642
789960241177853952,0,4670
789986466051088384,10085,2606
790227638568808452,0,4018
790277117346975746,13680,3608
790337589677002753,8520,2099
790581949425475584,22546,8049
790698755171364864,8930,2139
790723298204217344,0,2606
790946055508652032,18100,5278
790987426131050500,10792,2398
791026214425268224,0,4632
791312159183634433,9574,2853
791406955684368384,14311,4619
791672322847637504,12806,3516
791774931465953280,49176,24963
791780927877898241,0,4265
791784077045166082,0,10861
791821351946420224,0,23610
792050063153438720,7824,2019
792394556390137856,14705,4813
792773781206999040,8007,1884
792883833364439040,12330,4792
792913359805018113,15649,4512
793120401413079041,13835,4382
793135492858580992,7034,2788
793150605191548928,6731,1921
793165685325201412,10241,3122
793180763617361921,7537,2233
793195938047070209,16641,6312
793210959003287553,9733,3159
793226087023144960,10715,3210
793241302385262592,11480,3693
793256262322548741,21774,9353
793271401113350145,9410,2651
793286476301799424,26850,10337
793500921481273345,11660,2680
793601777308463104,8689,1838
793614319594401792,0,3516
793845145112371200,10033,2104
793962221541933056,18363,5496
794205286408003585,10034,3725
794332329137291264,10416,2971
794355576146903043,0,11563
794926597468000259,11203,2599
794983741416415232,0,3796
795076730285391872,17686,6091
795400264262053889,11012,3224
795464331001561088,54305,26775
796031486298386433,11767,4148
796080075804475393,9205,2595
796116448414461957,9903,2722
796125600683540480,5388,2005
796149749086875649,35284,16087
796177847564038144,0,16087
796387464403357696,12001,4677
796484825502875648,8256,1976
796563435802726400,0,8225
796759840936919040,12931,3435
796865951799083009,8350,2132
796904159865868288,0,10019
797165961484890113,250,31
797236660651966464,21795,7441
797545162159308800,15814,5446
797971864723324932,12701,3525
798209839306514432,11302,2861
798340744599797760,0,3780
798576900688019456,0,6623
798585098161549313,0,6423
798628517273620480,0,2208
798644042770751489,0,2077
798665375516884993,0,4365
798673117451325440,0,6240
798682547630837760,0,5318
798686750113755136,0,2609
798694562394996736,0,5577
798697898615730177,0,7300
798701998996647937,0,8781
798705661114773508,0,7441
798925684722855936,8092,1611
798933969379225600,14342,5033
799063482566066176,8807,2761
799297110730567681,10799,3119
799308762079035393,0,6225
799422933579902976,8758,2144
799757965289017345,9153,2428
799774291445383169,0,5269
800018252395122689,30928,14794
800141422401830912,16657,2875
800188575492947969,0,4427
800388270626521089,12131,3146
800443802682937345,0,4858
800459316964663297,10288,2412
800513324630806528,14307,3381
800751577355128832,11424,3113
800855607700029440,0,1829
800859414831898624,750,107
801115127852503040,8793,2345
801127390143516673,0,4468
801167903437357056,26706,6693
801285448605831168,6604,933
801538201127157760,8916,2311
801854953262350336,1916,262
801958328846974976,8405,1917
802185808107208704,0,302
802239329049477120,9869,2922
802265048156610565,6918,1524
802323869084381190,17696,6560
802572683846291456,9734,2819
802600418706604034,7747,1645
802624713319034886,0,3287
802952499103731712,9808,2250
803276597545603072,10914,2773
803321560782307329,0,5987
803380650405482500,8430,2083
803638050916102144,11962,4659
803692223237865472,0,8342
803773340896923648,10934,3109
804026241225523202,48525,18202
804413760345620481,0,3609
804475857670639616,6694,2260
804738756058218496,14948,4326
805207613751304193,8464,1904
805487436403003392,9537,2838
805520635690676224,6230,1853
805823200554876929,0,9046
805826884734976000,7155,2056
805932879469572096,8981,2130
805958939288408065,0,6033
806219024703037440,6978,1346
806242860592926720,0,13136
806542213899489280,11105,2664
806576416489959424,5259,2161
806620845233815552,0,6196
806629075125202948,81799,39205
807010152071229440,14163,4283
807059379405148160,0,8240
807106840509214720,122525,60788
807621403335917568,15844,4129
808001312164028416,13670,3955
808106460588765185,9475,2448
808134635716833280,0,6693
808344865868283904,46194,23265
808501579447930884,12269,2909
808733504066486276,8590,2428
808838249661788160,10976,3403
809084759137812480,14359,3935
809220051211603969,21671,6304
809448704142938112,7520,1649
809808892968534016,0,5496
809920764300447744,16836,4364
810254108431155201,15952,3755
810284430598270976,38557,12824
810657578271330305,11912,2954
810896069567610880,9830,2002
810984652412424192,5792,1603
811386762094317568,22711,7175
811627233043480576,13914,3512
811647686436880384,6055,829
811744202451197953,8201,1807
811985624773361665,7887,1579
812372279581671427,14862,4107
812466873996607488,8689,2159
812503143955202048,6601,1373
812709060537683968,7191,1605
812747805718642688,0,7789
812781120811126785,8210,2137
813051746834595840,22739,8202
813066809284972545,8626,2175
813081950185472002,10715,3101
813096984823349248,11415,4045
813112105746448384,11207,3087
813127251579564032,12883,3505
813130366689148928,4844,495
813142292504645637,9129,2640
813157409116065792,8408,2479
813172488309972993,10133,2152
813187593374461952,21524,4890
813202720496779264,9956,2014
813217897535406080,20287,8156
813800681631023104,9053,1972
813812741911748608,39412,15691
813910438903693312,10073,2106
813944609378369540,0,3608
814153002265309185,31170,9734
814530161257443328,9393,2068
814578408554463233,0,6511
814638523311648768,12228,3033
814986499976527872,8277,1444
815390420867969024,11202,4251
815639385530101762,8917,1840
815736392542261248,10660,2536
815745968457060357,0,4619
815966073409433600,24356,9520
815990720817401858,5411,1171
816014286006976512,0,5942
816062466425819140,0,1171
816091915477250048,9667,2403
816336735214911488,9321,2181
816450570814898180,33114,9063
816697700272001025,10616,2455
816816676327063552,10813,2278
816829038950027264,0,5278
817056546584727552,9271,1846
817120970343411712,13148,2923
817171292965273600,9443,2245
817181837579653120,0,9520
817415592588222464,6090,1078
817423860136083457,37113,16751
817502432452313088,0,3794
817536400337801217,12769,3391
817777686764523521,11573,2976
817827839487737858,56181,30265
817908911860748288,5230,881
818145370475810820,13308,2898
818259473185828864,11925,2543
818307523543449600,0,9064
818536468981415936,11813,2767
818588835076603904,0,6864
818614493328580609,10668,2882
818627210458333184,24016,8314
818646164899774465,0,23265
819004803107983360,93361,40873
819006400881917954,48769,21073
819015331746349057,0,21073
819015337530290176,0,40873
819227688460238848,24985,7455
819238181065359361,2478,450
819347104292290561,7805,1340
819588359383371776,10332,2196
819711362133872643,14539,3493
819924195358416896,13902,5399
819952236453363712,5752,1320
820013781606658049,0,1320
820078625395449857,21389,7000
820314633777061888,3601,633
820446719150292993,0,2875
820494788566847489,0,633
820690176645140481,13189,3588
820749716845686786,34108,11071
820837357901512704,0,7455
821044531881721856,13657,2549
821107785811234820,10378,2374
821149554670182400,9430,2245
821153421864615936,276,10
821407182352777218,12721,4858
821421320206483457,0,6231
821522889702862852,8644,1963
821765923262631936,9096,1852
821813639212650496,0,3723
821886076407029760,12271,2610
822163064745328640,0,5361
822244816520155136,37845,10965
822462944365645825,30826,16412
822489057087389700,19585,7128
822610361945911296,15928,3296
822647212903690241,0,7128
822859134160621569,14236,2543
822872901745569793,142801,48873
822975315408461824,18662,3823
823269594223824897,0,10965
823322678127919110,16974,4476
823333489516937216,753,29
823581115634085888,14050,2945
823699002998870016,13543,2686
823719002937630720,0,12506
823939628516474880,11490,3012
824025158776213504,5143,657
824297048279236611,16189,4290
824325613288833024,12676,11538
824663926340194305,10842,1931
824775126675836928,16118,3920
824796380199809024,0,6091
825026590719483904,6842,1430
825120256414846976,0,1430
825147591692263424,19694,5073
825535076884762624,55994,19098
825829644528148480,13702,2760
825876512159186944,11255,2071
826115272272650244,16861,3473
826204788643753985,5238,1039
826240494070030336,14260,2875
826476773533745153,19801,4654
826598365270007810,10823,2599
826598799820865537,5500,281
826615380357632002,0,4364
826848821049180160,39260,11380
826958653328592898,23225,5549
827199976799354881,11362,2483
827324948884643840,17072,3393
827600520311402496,7962,1047
827653905312006145,16590,3324
827933404142436356,21636,5779
828011680017821696,11121,2370
828046555563323392,12629,3166
828361771580813312,2350,189
828372645993398273,13449,3242
828376505180889089,7929,1179
828381636999917570,13544,2459
828408677031882754,8189,1414
828409743546925057,6733,1272
828650029636317184,10211,1489
828708714936930305,39281,12405
828770345708580865,27421,6503
828801551087042563,0,3755
829011960981237760,56845,17949
829141528400556032,26307,8205
829374341691346946,37156,10313
829449946868879360,11221,2247
829501995190984704,34028,11725
829861396166877184,13132,2171
829878982036299777,0,5549
830097400375152640,10527,3334
830173239259324417,0,6304
830583320585068544,71686,18616
830956169170665475,8543,1658
831262627380748289,12765,2265
831309418084069378,12543,2687
831315979191906304,6973,1231
831322785565769729,9819,1678
831552930092285952,9653,2535
831650051525054464,7689,2158
831670449226514432,11185,1999
831911600680497154,29594,7196
831926988323639298,364,36
831939777352105988,25693,6779
832032802820481025,19124,5143
832040443403784192,0,10724
832088576586297345,71,2
832215726631055365,0,10337
832215909146226688,0,6822
832273440279240704,12096,2573
832369877331693569,18345,3511
832397543355072512,12787,2458
832636094638288896,16966,3076
832645525019123713,3122,573
832682457690300417,12707,3234
832757312314028032,17980,3986
832769181346996225,0,41
832998151111966721,14235,2440
833124694597443584,21597,5334
833479644947025920,15892,2274
833722901757046785,22074,3525
833732339549220864,0,239
833826103416520705,16378,3780
833863086058651648,14323,2647
834086379323871233,13941,2430
834089966724603904,10727,2343
834167344700198914,16824,3992
834209720923721728,22011,5276
834458053273591808,10267,1838
834477809192075265,0,11725
834574053763584002,14631,2785
834786237630337024,22539,5995
834931633769889797,11566,1811
835152434251116546,23969,3325
835172783151792128,27875,6306
835246439529840640,2226,80
835264098648616962,8284,1867
835297930240217089,17477,3283
835309094223372289,0,23097
835536468978302976,0,1867
835574547218894849,18976,3978
835685285446955009,0,8977
836001077879255040,20379,4715
836260088725786625,22662,4695
836380477523124226,15702,3227
836397794269200385,0,30265
836648853927522308,0,607
836677758902222849,13438,2436
836753516572119041,20494,5058
836989968035819520,13563,2510
837110210464448512,17055,2622
837366284874571778,22511,5798
837471256429613056,13632,2531
837482249356513284,4084,484
837820167694528512,36408,8625
838083903487373313,18767,3446
838085839343206401,149,0
838150277551247360,1786,358
838201503651401729,0,11071
838476387338051585,24066,5269
838561493054533637,11603,1450
838831947270979586,0,12120
838916489579200512,0,37
838921590096166913,11883,2268
838952994649550848,20858,4350
839239871831150596,28913,7169
839290600511926273,0,154
839549326359670784,29239,8486
839990271299457024,14264,2509
840268004936019968,20466,6251
840370681858686976,17483,4970
840632337062862849,9529,1916
840696689258311684,13059,1078
840698636975636481,192,3
840728873075638272,0,17684
840761248237133825,0,1916
841077006473256960,24315,5775
841314665196081154,16847,5125
841320156043304961,20945,5912
841439858740625411,13405,4000
841680585030541313,27169,8434
841833993020538882,0,16751
842115215311396866,14853,3286
842163532590374912,25937,6311
842535590457499648,19157,3805
842765311967449089,7147,1386
842846295480000512,16103,3896
843235543001513987,22744,6579
843604394117681152,17866,2978
843856843873095681,22635,5013
843981021012017153,15970,3171
844223788422217728,14401,2379
844580511645339650,17404,3409
844704788403113984,40925,11224
844973813909606400,15977,3486
844979544864018432,14406,2808
845098359547420673,0,8312
845306882940190720,24633,5843
845397057150107648,8042,1972
845677943972139009,26500,5181
845812042753855489,30918,9470
846042936437604353,16860,3119
846139713627017216,32530,10650
846153765933735936,33454,9805
846505985330044928,14933,3349
846514051647705089,47109,12557
846874817362120707,21142,4234
847116187444137987,22548,3440
847157206088847362,21038,6322
847251039262605312,21493,4626
847606175596138505,19720,3653
847617282490613760,7375,454
847842811428974592,5766,1452
847962785489326080,24700,5518
847971574464610304,0,462
847978865427394560,0,3511
848212111729840128,17156,3325
848213670039564288,8586,808
848324959059550208,25993,4953
848690551926992896,26457,4648
849051919805034497,44539,9171
849336543269576704,11980,2035
849412302885593088,16637,3374
849668094696017920,0,5334
849776966551130114,31911,8169
850019790995546112,21426,5257
850145622816686080,17083,4101
850333567704068097,3577,357
850380195714523136,13662,2796
850753642995093505,32461,9956
851224888060895234,21588,6131
851464819735769094,25352,7568
851591660324737024,16905,3708
851861385021730816,0,23
851953902622658560,0,10313
852189679701164033,11943,1687
852226086759018497,20865,7280
852311364735569921,34538,10561
852553447878664193,17059,3748
852672615818899456,15532,2288
852912242202992640,9404,1962
852936405516943360,0,2158
853299958564483072,16139,3793
853639147608842240,36245,10788
853760880890318849,29681,6150
854010172552949760,16780,3341
854120357044912130,33113,7950
854365224396361728,19573,4973
854482394044301312,30353,7283
854732716440526848,23625,6457
855138241867124737,0,48
855245323840757760,0,6311
855459453768019968,30910,8676
855818117272018944,27416,5742
855851453814013952,46805,18624
855857698524602368,12195,2232
855860136149123072,5158,1093
855862651834028034,359,28
856282028240666624,28501,6645
856288084350160898,532,17
856330835276025856,0,712
856526610513747968,12163,1975
856543823941562368,16741,3023
856602993587888130,0,11224
857029823797047296,19451,4196
857062103051644929,0,178
857214891891077121,236,20
857263160327368704,20563,4737
857393404942143489,6081,1711
857746408056729600,35176,11105
857989990357356544,16530,2701
858107933456039936,16134,3040
858471635011153920,22060,5053
858843525470990336,15915,3626
858860390427611136,0,8486
859074603037188101,34715,14185
859196978902773760,92199,31537
859607811541651456,19022,1639
859851578198683649,15756,3642
859924526012018688,19978,4265
860177593139703809,0,32176
860184849394610176,17056,6067
860276583193509888,18709,3617
860524505164394496,24132,5481
860563773140209665,7668,2247
860924035999428608,0,849
860981674716409858,0,2247
861005113778896900,17078,3951
861288531465048066,17545,4324
861383897657036800,36791,11098
862096992088072192,76116,24162
862457590147678208,20935,5138
862722525377298433,17404,3660
862831371563274240,19542,5259
863062471531167744,8693,2556
863079547188785154,8922,1136
863427515083354112,2296,99
863432100342583297,24227,5449
863471782782697472,0,2556
863553081350529029,15556,4307
863907417377173506,20961,4274
864197398364647424,30671,9241
864279568663928832,14856,3141
864873206498414592,32829,8997
865006731092295680,28433,7908
865359393868664832,26863,5148
865718153858494464,25956,5768
866094527597207552,0,8625
866334964761202691,53335,14872
866450705531457537,123916,36219
866686824827068416,19588,3583
866720684873056260,20344,4960
867051520902168576,32631,8081
867072653475098625,0,130
867421006826221569,16325,2581
867774946302451713,34371,7512
867900495410671616,24414,4272
868552278524837888,10258,2144
868622495443632128,27471,5903
868639477480148993,0,2144
868880397819494401,66198,14841
869227993411051520,20597,3864
869596645499047938,16094,3196
869702957897576449,28430,6448
869772420881756160,42665,10242
870063196459192321,36904,8514
870308999962521604,21927,4228
870374049280663552,83072,26669
870656317836468226,12482,2687
870726314365509632,120,3
870804317367881728,33779,6315
871032628920680449,22732,3862
871102520638267392,20989,5577
871166179821445120,0,5775
871515927908634625,20264,3500
871762521631449091,20306,3519
871879754684805121,38139,11354
872122724285648897,34506,8221
872261713294495745,34279,6406
872486979161796608,40738,9101
872620804844003328,20804,3748
872668790621863937,0,28
872820683541237760,14722,3724
872967104147763200,27391,5457
873213775632977920,7247,1602
873337748698140672,0,1602
873580283840344065,24234,3978
874012996292530176,34665,10554
874057562936811520,22633,3981
874296783580663808,26045,4141
874434818259525634,0,14872
874680097055178752,27799,4685
875021211251597312,25447,4749
875097192612077568,27377,6077
875144289856114688,21875,4957
875747767867523072,25158,4324
876120275196170240,27859,4714
876484053909872640,18731,2413
876537666061221889,23396,4638
876838120628539392,20622,3374
877201837425926144,27074,5626
877316821321428993,27309,5195
877556246731214848,22695,3837
877611172832227328,0,81
877736472329191424,79723,19223
878057613040115712,41927,6868
878281511006478336,7740,1300
878316110768087041,0,6680
878404777348136964,0,1300
878604707211726852,30191,7252
878776093423087618,19365,4149
879008229531029506,18912,2702
879050749262655488,22517,4731
879130579576475649,0,6868
879376492567855104,16717,3129
879415818425184262,105597,44331
879492040517615616,23338,3195
879674319642796034,311,10
879862464715927552,22251,3506
880095782870896641,27546,4371
880221127280381952,26994,4245
880465832366813184,28434,6299
880872448815771648,21226,3832
880935762899988482,16956,2786
881268444196462592,22998,5172
881536004380872706,49301,16022
881633300179243008,128,7
881666595344535552,50406,10696
881906580714921986,24223,3402
882045870035918850,29263,4993
882268110199369728,44842,11620
882627270321602560,27811,6101
882762694511734784,28224,4928
882992080364220416,23879,3923
883117836046086144,37096,6681
883360690899218434,22487,3680
883482846933004288,45809,9983
883838122936631299,21829,3448
884162670584377345,20318,2991
884247878851493888,72770,20498
884441805382717440,26894,5663
884562892145688576,24220,4880
884876753390489601,27828,5803
884925521741709313,77268,18507
885167619883638784,21878,4395
885311592912609280,0,18616
885518971528720385,20354,3773
885528943205470208,35870,6450
885984800019947520,32591,6834
886054160059072513,0,104
886258384151887873,27883,6302
886267009285017600,116,4
886366144734445568,21120,3206
886680336477933568,22335,4480
886736880519319552,12028,3303
886983233522544640,35042,7798
887101392804085760,30435,5977
887343217045368832,33568,10429
887473957103951883,68873,18268
887517139158093824,46089,11703
887705289381826560,30086,5407
888078434458587136,21692,3506
888554962724278272,19838,3595
888804989199671297,25508,4358
888917238123831296,28989,4511
889278841981685760,25211,5435
889531135344209921,15046,2241
889638837579907072,27087,4557
889665388333682689,47954,10087
889880896479866881,27688,4984
890006608113172480,30566,7359
890240255349198849,31833,7441
890609185150312448,27703,4277
890729181411237888,65281,18945
890971913173991426,11810,2079
891087950875897856,20151,3124
891327558926688256,40181,9435
891689557279858688,42029,8676
891815181378084864,24934,4166
892177421306343426,33126,6286
892420643555336193,38655,8548
